v3_965 sample 100
time spent in JSD 1
time spent in MMD 366
time spent in Cov 377 
results {'fpd': 5.12375751152581, 'loss': 'cd', 'jsd': 0.16892987315760521, 'mmd': 0.1689298735760521, 'cov': 0.48}
srun -u --partition=Sensetime -n1 --gres=gpu:1 --ntasks-per-node=1 -x SG-IDC1-10-51-0-30 \
        --job-name=eval \
        python eval_GAN.py \
        --FPD_path ./evaluation/pre_statistics_chair.npz \
        --class_choice Chair \
        --load_model_path ./model/uni_loss_v3 \
        --save_sample_path ./saved_samples/uni_loss_v3 \
        --n_samples 100 \
        --batch_size 100 \
        --mmd_cov_jsd_ref_num 100 \
        --test_modes FJMCS

        
{'Airplane': 0, 'Bag': 1, 'Cap': 2, 'Car': 3, 'Chair': 4, 'Earphone': 5, 'Guitar': 6, 'Knife': 7, 'Lamp': 8, 'Laptop': 9, 'Motorbike':│^Csrun: interrupt (abort already in progress)
 10, 'Mug': 11, 'Pistol': 12, 'Rocket': 13, 'Skateboard': 14, 'Table': 15}   

# MMD for  100 vs 100
samp vs ref 0.0020890734 [0.0038027102, 0.0049119564, 0.0018591785, 0.0019905246, 0.006838926, 0.004550738, 0.0023266436, 0│  04330267  04530566
.001995148, 0.0022453158, 0.0023274147, 0.0032360263, 0.0021575934, 0.0016136267, 0.0032292986, 0.0010436352, 0.0022767982,│02747177  02828884  02876657  02946921  03046257  03325088  03624134  03759954  03938244  04090263
 0.0022472905, 0.002410459, 0.00062884315, 0.00060844066, 0.0018034618, 0.001704561, 0.001624624, 0.0008161257, 0.002027374│  04379243  04554684
2, 0.0021433826, 0.00063316344, 0.0018380852, 0.003679195, 0.0011681556, 0.00093814835, 0.001510169, 0.0011181927, 0.001222│02773838  02834778  02880940  02954340  03085013  03337140  03636649  03761084  03948459  04099429
7662, 0.0039369063, 0.0013148207, 0.0016378153, 0.0018682891, 0.0024314784, 0.003669857, 0.0022118033, 0.0021459959, 0.0010│  04401088
904187, 0.0013518841, 0.0012041825, 0.0014514243, 0.0007922933, 0.0018687947, 0.0017742488, 0.0026239394, 0.0029815387, 0.0│02801938  02843684  02924116  02958343  03207941  03467517  03642806  03790512  03991062  04225987
029172758, 0.0013515352, 0.0024720496, 0.003804163, 0.0027526137, 0.001369192, 0.0032277796, 0.0015183282, 0.005966641, 0.0│  04460130
007163425, 0.001356551, 0.0010637841, 0.0017413166, 0.0028489977, 0.0030858826, 0.0017184925, 0.00084332825, 0.0026304934, │02808440  02858304  02933112  02992529  03211117  03513137  03691459  03797390  04004475  04256520
0.0017777352, 0.0021166913, 0.0024993764, 0.00092034636, 0.0024822205, 0.0033587075, 0.0013175402, 0.0013874224, 0.00166009│  04468005
1, 0.00094900734, 0.0012391438, 0.0016167146, 0.0015739307, 0.0041982476, 0.00094795594, 0.00070752646, 0.0023256037, 0.000│[zhangjunzhe@SG-IDC1-10-51-0-103 shape_net_core_uniform_samples_2048]$ ls | wc
9485165, 0.0009148766, 0.0014521936, 0.0023154547, 0.0012900652, 0.0008196466, 0.0016789618, 0.0026226914, 0.0035590497, 0.│     57      57     513
0011051482, 0.001007403, 0.0038439068, 0.0030724807, 0.002930233]                                                          │[zhangjunzhe@SG-IDC1-10-51-0-103 shape_net_core_uniform_samples_2048]$ cd ~/TreeGAN/
ref vs ref 0.00087068055 [0.0, 0.0, 0.0, 0.0, 0.0, 0.0, 0.0, 0.0, 0.0, 0.0, 0.0, 0.0, 0.0, 0.0, 0.0, 0.003938837, 0.0040759│[zhangjunzhe@SG-IDC1-10-51-0-103 TreeGAN]$ ls
12, 0.004074944, 0.0023473478, 0.0029765698]   

# coverage for 100 vs 100, 800s
samp vs ref 0.44 [40, 40, 53, 2, 87, 21, 37, 61, 75, 25, 62, 56, 87, 32, 44, 92, 29, 2, 56, 29, 50, 50, 87, 87, 40, 5, 26, │5a95f4fbfbfc55bd93768e7b9b1eabf.ply   a680830f8b76c1bbe929777b2f481029.ply  u1e22cc04-7c4d-4ed5-bd
50, 3, 3, 90, 56, 75, 76, 92, 22, 74, 29, 10, 89, 81, 10, 65, 16, 22, 81, 16, 44, 8, 97, 29, 2, 40, 22, 10, 11, 54, 71, 10,│a3-8ff8067f22ee.ply
 75, 83, 98, 81, 55, 61, 61, 7, 56, 10, 40, 21, 99, 14, 93, 44, 22, 97, 40, 4, 5, 3, 76, 14, 71, 10, 83, 11, 40, 28, 41, 71│5a960456884d2a3b04cb542e2c50eb4.ply   a682c4bf731e3af2ca6a405498436716.ply  u45c7b89f-d996-4c29-ae
, 35, 56, 87, 93, 22, 56, 3, 89, 5] [0.0012537944, 0.0009323496, 0.0015302219, 0.0010470003, 0.0013369088, 0.0037420136, 0.│cf-4b760d1fb2b6.ply
0016469497, 0.0021018926, 0.0021980472, 0.00307238, 0.0005985333, 0.00055816775, 0.0009903254, 0.002404665, 0.0016342804, 0│5a96894b5cde0551c8687ff9b0b4e4ac.ply  a691eee4545ce2fade94aad0562ac2e.ply   u481ebf18-4bbb-4b49-90
.0010573347, 0.0028947094, 0.0019470239, 0.00080826, 0.0021053297, 0.0008792655, 0.00075910625, 0.0018641686, 0.0007516795,│c9-7a1e9348b647.ply
 0.00078098365, 0.0010820585, 0.0008891056, 0.0010138417, 0.0037124683, 0.0020844557, 0.0012582793, 0.00077402056, 0.002051│5aa2a53207ff556d473f10e6caaeca56.ply  a69a2807ca667fd9492d9da2668ec34c.ply  u6028f63e-4111-4412-90
3688, 0.0016503484, 0.0009784176, 0.001651856, 0.0020576706, 0.0014855843, 0.00088834116, 0.0013477048, 0.0010017091, 0.001│98-fe5f4f0c7c83.ply
1570976, 0.0013098075, 0.0025883918, 0.0009676847, 0.0014371466, 0.0024649242, 0.0008778437, 0.0013012592, 0.0019522278, 0.│5aa3f60fb8fc208d488fd132b74d6f8d.ply  a69c999cd76e29862f8c68dc62edc38.ply   ub5d972a1-de16-4d0a-aa
001874504, 0.001062043, 0.0009289584, 0.0017123695, 0.00105487, 0.0018975688, 0.002503024, 0.0014075356, 0.00059918535, 0.0│40-85cd3a69aa8a.ply
015930901, 0.0010070184, 0.0024900972, 0.0015855464, 0.0016717946, 0.0025517975, 0.002176016, 0.0039140694, 0.0006958751, 0│5ab321d70991c94d780bc2708a85ba9a.ply  a6a7b00de9ccce0816a5604496f9ff11.ply  uca24feec-f0c0-454c-ba
.0008492966, 0.00086303474, 0.0025047688, 0.0018405694, 0.0010185195, 0.000988858, 0.0005571536, 0.0013284582, 0.0014720429│af-561530686f40.ply
, 0.0010553148, 0.0014588631, 0.0014211077, 0.007163203, 0.0012233866, 0.0010501626, 0.0008523073, 0.001087686, 0.000952132│5ab67b30e17a2ed1c862eec8232fff1e.ply  a6ab184a68bc67d179b3e1be3524f72f.ply  udf068a6b-e65b-430b-bc
16, 0.0010546017, 0.0010598617, 0.0017557676, 0.001731049, 0.0013901356, 0.0012380419, 0.0014750548, 0.0029973178, 0.000877│17-611b062e2e34.ply
6301, 0.001488141, 0.0010310895, 0.009238796, 0.0008677401, 0.0007812164]

# coverage for 20 vs 20
samp vs ref 0.6 [18, 9, 7, 14, 7, 9, 9, 15, 0, 7, 12, 2, 13, 16, 9, 19, 8, 2, 19, 8] [0.0052028764, 0.002744492, 0.00211574│  04468005
04, 0.0025629578, 0.007542803, 0.00397818, 0.0010330689, 0.0016939812, 0.0023218459, 0.0021589072, 0.0024757492, 0.00215348│[zhangjunzhe@SG-IDC1-10-51-0-103 shape_net_core_uniform_samples_2048]$ ls | wc
58, 0.0076676393, 0.0035883198, 0.0013278682, 0.0018542989, 0.001862629, 0.0041353498, 0.004949231, 0.0018328596] 
ref vs ref 0.9 [0, 1, 2, 3, 4, 5, 6, 7, 8, 9, 10, 11, 12, 13, 14, 15, 16, 17] [0.0, 0.0, 0.0, 0.0, 0.0, 0.0, 0.0, 0.0, 0.0,│[zhangjunzhe@SG-IDC1-10-51-0-103 TreeGAN]$ ls
 0.0, 0.0, 0.0, 0.0, 0.0, 0.0, 0.0, 0.0, 0.0] 

